%=======================================================================
% MAT-fem 1.0  - MAT-fem is a learning tool for undestanding 
%                the Finite Element Method with MATLAB and GiD
%=======================================================================
% PROBLEM TITLE = Titulo del problema
%
%  Material Properties
%
  young =   210000000000.00000 ;
  poiss =              0.20000 ;
  denss = 0.00 ;
  pstrs =  1 ;
  thick =              0.10000 ;
%
% Coordinates
%
global coordinates
coordinates = [
         0.00000   ,         0.00000  ;
         0.00000   ,         0.50000  ;
         0.50000   ,         0.00000  ;
         0.50000   ,         0.50000  ;
         0.00000   ,         1.00000  ;
         1.00000   ,         0.00000  ;
         1.00000   ,         0.50000  ;
         0.50000   ,         1.00000  ;
         1.00000   ,         1.00000  ;
         1.50000   ,         0.00000  ;
         0.00000   ,         1.50000  ;
         1.50000   ,         0.50000  ;
         0.50000   ,         1.50000  ;
         1.00000   ,         1.50000  ;
         1.50000   ,         1.00000  ;
         0.00000   ,         2.00000  ;
         2.00000   ,         0.00000  ;
         2.00000   ,         0.50000  ;
         0.50000   ,         2.00000  ;
         1.50000   ,         1.50000  ;
         2.00000   ,         1.00000  ;
         1.00000   ,         2.00000  ;
         2.00000   ,         1.50000  ;
         2.50000   ,         0.00000  ;
         0.00000   ,         2.50000  ;
         1.50000   ,         2.00000  ;
         2.50000   ,         0.50000  ;
         0.50000   ,         2.50000  ;
         1.00000   ,         2.50000  ;
         2.50000   ,         1.00000  ;
         2.00000   ,         2.00000  ;
         2.50000   ,         1.50000  ;
         1.50000   ,         2.50000  ;
         3.00000   ,         0.00000  ;
         0.00000   ,         3.00000  ;
         0.50000   ,         3.00000  ;
         3.00000   ,         0.50000  ;
         3.00000   ,         1.00000  ;
         1.00000   ,         3.00000  ;
         2.00000   ,         2.50000  ;
         2.50000   ,         2.00000  ;
         1.50000   ,         3.00000  ;
         3.00000   ,         1.50000  ;
         3.50000   ,         0.00000  ;
         3.50000   ,         0.50000  ;
         2.50000   ,         2.50000  ;
         2.00000   ,         3.00000  ;
         3.00000   ,         2.00000  ;
         3.50000   ,         1.00000  ;
         3.50000   ,         1.50000  ;
         2.50000   ,         3.00000  ;
         3.00000   ,         2.50000  ;
         4.00000   ,         0.00000  ;
         3.50000   ,         2.00000  ;
         4.00000   ,         0.50000  ;
         4.00000   ,         1.00000  ;
         3.00000   ,         3.00000  ;
         4.00000   ,         1.50000  ;
         3.50000   ,         2.50000  ;
         4.00000   ,         2.00000  ;
         4.50000   ,         0.00000  ;
         4.50000   ,         0.50000  ;
         3.50000   ,         3.00000  ;
         4.50000   ,         1.00000  ;
         4.00000   ,         2.50000  ;
         4.50000   ,         1.50000  ;
         4.50000   ,         2.00000  ;
         5.00000   ,         0.00000  ;
         4.00000   ,         3.00000  ;
         5.00000   ,         0.50000  ;
         5.00000   ,         1.00000  ;
         4.50000   ,         2.50000  ;
         5.00000   ,         1.50000  ;
         5.00000   ,         2.00000  ;
         4.50000   ,         3.00000  ;
         5.50000   ,         0.00000  ;
         5.50000   ,         0.50000  ;
         5.50000   ,         1.00000  ;
         5.00000   ,         2.50000  ;
         5.50000   ,         1.50000  ;
         5.00000   ,         3.00000  ;
         5.50000   ,         2.00000  ;
         6.00000   ,         0.00000  ;
         6.00000   ,         0.50000  ;
         5.50000   ,         2.50000  ;
         6.00000   ,         1.00000  ;
         6.00000   ,         1.50000  ;
         5.50000   ,         3.00000  ;
         6.00000   ,         2.00000  ;
         6.00000   ,         2.50000  ;
         6.50000   ,         0.00000  ;
         6.50000   ,         0.50000  ;
         6.50000   ,         1.00000  ;
         6.50000   ,         1.50000  ;
         6.00000   ,         3.00000  ;
         6.50000   ,         2.00000  ;
         6.50000   ,         2.50000  ;
         7.00000   ,         0.00000  ;
         7.00000   ,         0.50000  ;
         7.00000   ,         1.00000  ;
         7.00000   ,         1.50000  ;
         6.50000   ,         3.00000  ;
         7.00000   ,         2.00000  ;
         7.00000   ,         2.50000  ;
         7.50000   ,         0.00000  ;
         7.50000   ,         0.50000  ;
         7.50000   ,         1.00000  ;
         7.00000   ,         3.00000  ;
         7.50000   ,         1.50000  ;
         7.50000   ,         2.00000  ;
         7.50000   ,         2.50000  ;
         8.00000   ,         0.00000  ;
         8.00000   ,         0.50000  ;
         8.00000   ,         1.00000  ;
         7.50000   ,         3.00000  ;
         8.00000   ,         1.50000  ;
         8.00000   ,         2.00000  ;
         8.00000   ,         2.50000  ;
         8.50000   ,         0.00000  ;
         8.50000   ,         0.50000  ;
         8.00000   ,         3.00000  ;
         8.50000   ,         1.00000  ;
         8.50000   ,         1.50000  ;
         8.50000   ,         2.00000  ;
         8.50000   ,         2.50000  ;
         9.00000   ,         0.00000  ;
         8.50000   ,         3.00000  ;
         9.00000   ,         0.50000  ;
         9.00000   ,         1.00000  ;
         9.00000   ,         1.50000  ;
         9.00000   ,         2.00000  ;
         9.00000   ,         2.50000  ;
         9.00000   ,         3.00000  ;
         9.50000   ,         0.00000  ;
         9.50000   ,         0.50000  ;
         9.50000   ,         1.00000  ;
         9.50000   ,         1.50000  ;
         9.50000   ,         2.00000  ;
         9.50000   ,         2.50000  ;
         9.50000   ,         3.00000  ;
        10.00000   ,         0.00000  ;
        10.00000   ,         0.50000  ;
        10.00000   ,         1.00000  ;
        10.00000   ,         1.50000  ;
        10.00000   ,         2.00000  ;
        10.00000   ,         2.50000  ;
        10.00000   ,         3.00000  ] ; 
%
% Elements
%
global elements
