%=======================================================================
% MAT-femcCal 1.0  - MAT-femCal is a learning tool for undestanding 
%                    the Finite Element Method with MATLAB and GiD
%=======================================================================
% PROBLEM TITLE = Titulo del problema
%
%  Material Properties
%
  kx =              63.00000 ;
  ky =              63.00000 ;
%
% Coordinates
%
global coordinates
coordinates = [
         0.00000   ,        0.00000  ;
         1.00000   ,        0.00000  ;
         2.00000   ,        0.00000  ;
         3.00000   ,        0.00000  ; 
		 0.00000   ,        1.00000  ;
         1.00000   ,        1.00000  ;
         2.00000   ,        1.00000  ;
         3.00000   ,        1.00000  ;
		 0.00000   ,        2.00000  ;
         1.00000   ,        2.00000  ;
         2.00000   ,        2.00000  ;
         3.00000   ,        2.00000  ;
		 0.00000   ,        3.00000  ;
         1.00000   ,        3.00000  ;
         2.00000   ,        3.00000  ;
         3.00000   ,        3.00000  ;
         4.00000   ,        3.00000  ;
         5.00000   ,        3.00000  ;
         6.00000   ,        3.00000  ;
		 0.00000   ,        4.00000  ;
         1.00000   ,        4.00000  ;
         2.00000   ,        4.00000  ;
         3.00000   ,        4.00000  ;
         4.00000   ,        4.00000  ;
         5.00000   ,        4.00000  ;
         6.00000   ,        4.00000  ;
		 0.00000   ,        5.00000  ;
         1.00000   ,        5.00000  ;
         2.00000   ,        5.00000  ;
         4.00000   ,        5.00000  ;
         5.00000   ,        5.00000  ;
         6.00000   ,        5.00000  ;
		 0.00000   ,        6.00000  ;
         1.00000   ,        6.00000  ;
         2.00000   ,        6.00000  ;
         3.00000   ,        6.00000  ;
         4.00000   ,        6.00000  ;
         5.00000   ,        6.00000  ;
         6.00000   ,        6.00000  ;
		 0.00000   ,        7.00000  ;
         1.00000   ,        7.00000  ;
         2.00000   ,        7.00000  ;
         3.00000   ,        7.00000  ;
         4.00000   ,        7.00000  ;
         5.00000   ,        7.00000  ;
         6.00000   ,        7.00000  ;
		 0.00000   ,        8.00000  ;
         1.00000   ,        8.00000  ;
         2.00000   ,        8.00000  ;
         3.00000   ,        8.00000  ; 
		 0.00000   ,        9.00000  ;
         1.00000   ,        9.00000  ;
         2.00000   ,        9.00000  ;
         3.00000   ,        9.00000  ;
		 0.00000   ,        10.00000  ;
         1.00000   ,        10.00000  ;
         2.00000   ,        10.00000  ;
         3.00000   ,        10.00000  ] ;  



   
%
% Elements
%
global elements
elements = [
     1   ,     2   ,     5   ; 
     2   ,     6   ,     5 	 ; 	
     2   ,     3   ,     6   ; 
     3   ,     7   ,     6 	 ;	
     3   ,     4   ,     7   ; 
     4   ,     8   ,     7 	 ;
	 5   ,     6   ,     9   ; 
     6   ,     10   ,    9 	 ; 	
     6   ,     7   ,    10   ; 
     7   ,     11   ,   10 	 ;	
     7   ,     8   ,    11   ; 
     8   ,     12   ,   11 	 ;
	 9   ,     10   ,   13   ; 
    10   ,     14   ,   13 	 ; 	
    10   ,     11   ,   14   ; 
    11   ,     15   ,   14   ;	
    11   ,     12   ,   15   ; 
    12   ,     16   ,   15   ;
	13   ,     14   ,   20   ; 
    14   ,     21   ,   20 	 ; 	
    14   ,     15   ,   21   ; 
    15   ,     22   ,   21 	 ;	
    15   ,     16   ,   22   ; 
    16   ,     23   ,   22   ;
	16   ,     17   ,   23   ; 
    17   ,     24   ,   23   ;	
    17   ,     18   ,   24   ; 
    18   ,     25   ,   24   ;
	18   ,     19   ,   25   ; 
    19   ,     26   ,   25 	 ; 	
    20   ,     21   ,   27   ; 
    21   ,     28   ,   27 	 ;	
    21   ,     22   ,   28   ; 
    22   ,     29   ,   28   ;
	24   ,     25   ,   30   ; 
    25   ,     31   ,   30   ;	
    25   ,     26   ,   31   ; 
    26   ,     32   ,   31   ;
	27   ,     34   ,   33   ; 
    27   ,     28   ,   34 	 ; 	
    28   ,     35   ,   34   ; 
    28   ,     29   ,   35 	 ;	
    30   ,     38   ,   37   ; 
    30   ,     31   ,   38   ;	
    31   ,     39   ,   38   ; 
    31   ,     32   ,   39   ;
	33   ,     41   ,   40   ; 
    33   ,     34   ,   41   ;	
    34   ,     42   ,   41   ; 
    34   ,     35   ,   42   ;
	35   ,     43   ,   42   ; 
    35   ,     36   ,   43 	 ; 	
    36   ,     44   ,   43   ; 
    36   ,     37   ,   44 	 ;	
    37   ,     45   ,   44   ; 
    37   ,     38   ,   45   ;	
    38   ,     46   ,   45   ; 
    38   ,     39   ,   46   ;
	40   ,     48   ,   47   ; 
    40   ,     41   ,   48 	 ; 	
    41   ,     49   ,   48   ; 
    41   ,     42   ,   49 	 ;	
    42   ,     50   ,   49   ; 
    42   ,     43   ,   50   ;	
    47   ,     52   ,   51   ; 
    47   ,     48   ,   52   ;
	48   ,     53   ,   52   ; 
    48   ,     49   ,   53 	 ;	
    49   ,     54   ,   53   ; 
    49   ,     50   ,   54   ;	
    51   ,     56   ,   55   ; 
    51   ,     52   ,   56   ;
	52   ,     57   ,   56   ; 
    52   ,     53   ,   57 	 ; 	
    53   ,     58   ,   57   ; 
    53   ,     54   ,   58 	 ];
%
% heat (Para cada elemento)
%
global heat 
heat = [
	0 ;
	0 ;
	0 ;
	0 ;
	0 ;
	0 ;
	0 ;
	0 ;
	0 ;
	0 ;
	0 ;
	0 ;
	0 ;
	0 ;
	0 ;
	0 ;
	0 ;
	0 ;
	0 ;
	0 ;
	0 ;
	0 ;
	0 ;
	0 ;
	0 ;
	0 ;
	0 ;
	0 ;
	0 ;
	0 ;
	0 ;
	0 ;
	0 ;
	0 ;
	0 ;
	0 ;
	0 ;
	0 ;
	0 ;
	0 ;
	0 ;
	0 ;
	0 ;
	0 ;
	0 ;
	0 ;
	0 ;
	0 ;
	0 ;
	0 ;
	0 ;
	0 ;
	0 ;
	0 ;
	0 ;
	0 ;
	0 ;
	0 ;
	0 ;
	0 ;
	0 ;
	0 ;
	0 ;
	0 ;
	0 ;
	0 ;
	0 ;
	0 ;
	0 ;
	0 ;
	0 ;
	0 ;
	0 ;
	0 ;
	0 ;
	0 ];

%
% Fuentes puntuales (Pero no en un nodo especifico)
%

global fuentespuntuales
fuentespuntuales = [ ] ;

%
% Fixed Nodes
%
fixnodes = [
	  19  ,     0.00000  ;
      26  ,     0.00000  ;
	  32  ,     0.00000  ;
      39  ,     0.00000  ;	
	  46  ,     0.00000  ;
      26  ,     0.00000  ;
	  22  ,     100.00000  ;
      23  ,     100.00000  ;
	  24  ,     100.00000  ;
      30  ,     100.00000  ;	
	  37  ,     100.00000  ;
      36  ,     100.00000  ;
	  35  ,     100.00000  ;
      29  ,     100.00000  ] ;
%
% Point loads
%
pointload = [ ] ;
%
%Uniform Side loads
%
sideload = [ ];

